36.4
36.5
36.54
36.51
36.41
36.47
36.43
36.39
36.3
36.31
36.4
36.45
36.45
36.45
36.35
36.34
36.47
36.7
36.77
37.1
37.04
37.05
37.23
37.35
37.35
37.27
37.13
37.33
37.4
37.6
37.55
37.57
37.7
38.5
38.6
38.9
39
39.3
39.15
39.1
38.75
38.9
38.5
38.4
38.45
39
39.1
38.8
38.8
38.85
38.85
39.3
39.1
39.25
39.2
39.25
39.2
39.15
39.9
39.7
39.62
39.6
39.65
39.65
39.67
39.67
39.72
39.68
39.8
39.8
39.92
39.95
40.02
40.8
41.1
42.05
42.35
41.95
41.85
41.7
42.2
42
42.1
41.85
41.8
41.65
41.8
41.7
41.75
42.3
42.4
42.8
42.85
42.8
42.65
42.65
42.57
42.95
42.95
42.5
42.45
42.45
42.1
41.75
41.75
41.9
42
41.9
41.85
41.9
41.85
41.95
41.95
42.2
42.28
42.6
42.3
42.2
42
41.95
41.55
41.5
41.85
42.05
42.05
42.05
41.8
41.95
42.07
41.88
41.9
41.77
41.77
41.72
41.74
41.75
41.75
41.75
41.68
41.75
41.78
41.88
41.95
41.95
41.9
41.88
41.93
42.1
42.14
42.1
42.03
41.8
41.88
41.58
41.54
41.54
41.56
41.36
41.42
41.47
41.48
41.47
41.54
41.52
41.62
41.6
41.62
41.47
41.33
41.45
41.37
41.33
41.47
41.45
41.42
41.53
41.59
41.59
41.55
41.46
41.42
41.42
41.51
41.46
41.53
41.52
41.59
41.62
41.62
41.63
41.63
41.66
41.76
42.05
42.1
42.32
42.45
42.45
42.6
42.75
42.83
43.15
44.1
44.13
44
43.95
43.4
43.65
43.65
43.05
43.3
43.35
43.3
43.45
43.7
43.95
43.65
43.75
44.55
44.75
44.95
44.85
44.2
43.75
43.85
44
44.15
44.8
44.25
44.2
44.25
44.35
44.43
44.4
44.55
44.98
45.03
45.3
45.85
46.05
47.8
47
46.95
46.6
45.6
46.2
46.25
47.6
46.95
47.35
47.1
47.3
47.65
47.45
47.25
47.5
46.6
46.8
46.55
46.5
46.5
47.2
47.3
47.85
47.8
47.9
48.3
47.9
48.05
48.15
48
48.4
47.9
48.05
48.45
48.3
48.4
48.5
48.35
48.25
48.15
48.05
48.15
48.3
48.4
48.55
48.5
48.4
48.65
48.4
48.45
48.5
48.25
48.45
48.3
48.3
48.15